980 0 0 15001.7050310
980 0 0 15001.7050310
980 0 0 15001.7050310
980 0 0 15001.7050310
980 0 0 15001.7050310
980 0 0 15001.7050310
980 0 0 15001.7050310
980 0 0 15001.7050310
980 0 0 15001.7050310
980 0 0 15001.7050310
980 0 0 15001.7050310
980 0 0 15001.7050310
980 0 0 15001.7050310
980 0 0 15001.7050310
980 0 0 15001.7050310
980 0 0 14701.7050310
980 0 0 15001.7050310
980 0 0 15001.7050310
980 0 0 15001.7050310
980 0 0 15001.7050310
980 0 0 15001.7050310
980 0 0 13101.7050310
980 0 0 15001.7050310
980 0 0 15001.7050310
980 0 0 15001.7050310
980 0 0 15001.7050310
980 0 0 15001.7050310
980 0 0 15001.7050310
980 0 0 15001.7050310
980 0 0 14401.7050310
980 0 0 15001.7050310
980 0 0 13501.7050310
980 0 0 15001.7050310
980 0 0 15001.7050310
980 0 0 15001.7050310
980 0 0 15001.7050310
980 0 0 15001.7050310
980 0 0 14201.7050310
980 0 0 15001.7050310
980 0 0 15001.7050310
980 0 0 15001.7050310
980 0 0 15001.7050310
980 0 0 15001.7050310
980 0 0 1101.7050310
980 0 0 15001.7050310
980 0 0 15001.7050310
980 0 0 15001.7050310
980 0 0 15001.7050310
980 0 0 15001.7050310
980 0 0 15001.7050310
980 0 0 15001.7050310
980 0 0 15001.7050310
980 0 0 15001.7050310
980 0 0 15001.7050310
980 0 0 13601.7050310
980 0 0 15001.7050310
980 0 0 15001.7050310
980 0 0 15001.7050310
980 0 0 15001.7050310
980 0 0 15001.7050310
980 0 0 15001.7050310
980 0 0 15001.7050310
