980 0 0 1 100 1.7 0 10 1 1 2236.8 606
980 0 0 1 100 1.7 0 10 1 -1 1792.6 606
980 0 0 1 100 1.7 0 10 1 1 1210.4 606
980 0 0 1 100 1.7 0 10 1 -1 301.4 606
980 0 0 1 100 1.7 0 10 1 1 2129.6 606
980 0 0 1 100 1.7 0 10 1 1 1925.6 606
980 0 0 1 100 1.7 0 10 1 1 1926.8 606
980 0 0 1 100 1.7 0 10 1 1 2028.8 606
980 0 0 1 100 1.7 0 10 1 1 1970 606
980 0 0 1 100 1.7 0 10 1 1 1710.8 606
980 0 0 1 100 1.7 0 10 1 1 1973.6 606
980 0 0 1 100 1.7 0 10 1 1 1942.4 606
980 0 0 1 100 1.7 0 10 1 -1 1742.2 606
980 0 0 1 100 1.7 0 10 1 1 1260.8 606
980 0 0 1 100 1.7 0 10 1 -1 469.402 606
980 0 0 1 100 1.7 0 10 1 1 1865.6 606
980 0 0 1 100 1.7 0 10 1 1 1152.81 606
980 0 0 1 100 1.7 0 10 1 -1 2203.4 606
980 0 0 1 100 1.7 0 10 1 -1 1753 606
980 0 0 1 100 1.7 0 10 1 1 1379.6 606
980 0 0 1 100 1.7 0 10 1 1 549.888 606
980 0 0 1 100 1.7 0 10 1 -1 2294.6 606
980 0 0 1 100 1.7 0 10 1 1 1866.8 606
980 0 0 1 100 1.7 0 10 1 1 1161.2 606
980 0 0 1 100 1.7 0 10 1 -1 437.002 606
980 0 0 1 100 1.7 0 10 1 1 1980.8 606
980 0 0 1 100 1.7 0 10 1 -1 1605.4 606
980 0 0 1 100 1.7 0 10 1 1 1854.8 606
980 0 0 1 100 1.7 0 10 1 1 272.4 606
980 0 0 1 100 1.7 0 10 1 1 3055.6 606
980 0 0 1 100 1.7 0 10 1 1 2348.4 606
980 0 0 1 100 1.7 0 10 1 1 1775.6 606
980 0 0 1 100 1.7 0 10 1 1 1322 606
980 0 0 1 100 1.7 0 10 1 -1 2180.6 606
980 0 0 1 100 1.7 0 10 1 -1 1857.4 606
980 0 0 1 100 1.7 0 10 1 1 3121.6 606
980 0 0 1 100 1.7 0 10 1 1 1963.08 606
980 0 0 1 100 1.7 0 10 1 -1 1958.2 606
980 0 0 1 100 1.7 0 10 1 -1 1846.6 606
980 0 0 1 100 1.7 0 10 1 -1 1400.2 606
980 0 0 1 100 1.7 0 10 1 1 457.202 606
980 0 0 1 100 1.7 0 10 1 1 2298 606
980 0 0 1 100 1.7 0 10 1 1 1979.59 606
980 0 0 1 100 1.7 0 10 1 -1 1160.2 606
980 0 0 1 100 1.7 0 10 1 1 314.685 606
980 0 0 1 100 1.7 0 10 1 1 3139.6 606
980 0 0 1 100 1.7 0 10 1 1 2178.01 606
980 0 0 1 100 1.7 0 10 1 1 1859.6 606
980 0 0 1 100 1.7 0 10 1 -1 1280.2 606
980 0 0 1 100 1.7 0 10 1 1 2196 606
980 0 0 1 100 1.7 0 10 1 -1 1833.4 606
980 0 0 1 100 1.7 0 10 1 1 1169.6 606
980 0 0 1 100 1.7 0 10 1 -1 170.885 606
980 0 0 1 100 1.7 0 10 1 -1 3210.6 606
980 0 0 1 100 1.7 0 10 1 1 2223.6 606
980 0 0 1 100 1.7 0 10 1 -1 1930.6 606
980 0 0 1 100 1.7 0 10 1 1 1194.8 606
980 0 0 1 100 1.7 0 10 1 1 2347.2 606
980 0 0 1 100 1.7 0 10 1 -1 1939 606
980 0 0 1 100 1.7 0 10 1 1 1193.6 606
980 0 0 1 100 1.7 0 10 1 -1 311 606
