00000207B94568080 0 0 980 0 0 00650 0
0 0 0 980 0 0 00650 0
0 0 0 980 0 0 00650 0
0 0 0 980 0 0 00650 0
0 0 0 980 0 0 00650 0
0 0 0 980 0 0 00650 0
0 0 0 980 0 0 00650 0
0 0 0 980 0 0 00650 0
0 0 0 980 0 0 00650 0
0 0 0 980 0 0 00650 0
0 0 0 980 0 0 00650 0
0 0 0 980 0 0 00650 0
0 0 0 980 0 0 00650 0
0 0 0 980 0 0 00650 0
0 0 0 980 0 0 00650 0
0 0 0 980 0 0 00650 0
0 0 0 980 0 0 00650 0
0 0 0 980 0 0 00650 0
0 0 0 980 0 0 00650 0
0 0 0 980 0 0 00650 0
0 0 0 980 0 0 00650 0
0 0 0 980 0 0 00650 0
0 0 0 980 0 0 00650 0
0 0 0 980 0 0 00650 0
0 0 0 980 0 0 00650 0
0 0 0 980 0 0 00650 0
0 0 0 980 0 0 00650 0
0 0 0 980 0 0 00650 0
0 0 0 980 0 0 00650 0
0 0 0 980 0 0 00650 0
0 0 0 980 0 0 00650 0
0 0 0 980 0 0 00650 0
0 0 0 980 0 0 00650 0
0 0 0 980 0 0 00650 0
0 0 0 980 0 0 00650 0
0 0 0 980 0 0 00650 0
0 0 0 980 0 0 00650 0
0 0 0 980 0 0 00650 0
0 0 0 980 0 0 00650 0
0 0 0 980 0 0 00650 0
