980 0 0 1 200 1.7 1 20 2 50 0 4 1856 414
980 0 0 1 200 1.7 1 20 2 50 1.264 4 1216 414
980 0 0 1 200 1.7 1 20 2 50 0.704 4 192 414
980 0 0 1 200 1.7 1 15 2 50 0 4 1856 414
980 0 0 1 200 1.7 1 15 2 50 0 4 3136 414
980 0 0 1 200 1.7 1 15 2 50 0 4 1856 414
980 0 0 1 200 1.7 1 15 2 50 2.352 4 1216 414
980 0 0 1 200 1.7 1 15 2 50 0 4 3136 414
980 0 0 1 200 1.7 1 15 2 50 0 4 1856 414
980 0 0 1 200 1.7 1 15 2 50 0 4 1216 414
980 0 0 1 200 1.7 1 15 2 50 2.416 4 192 414
980 0 0 1 200 1.7 1 15 2 50 0 4 3136 414
980 0 0 1 200 1.7 1 15 2 50 0 4 1856 414
980 0 0 1 200 1.7 1 15 2 50 0 4 1216 414
980 0 0 1 200 1.7 1 15 2 50 2.96 4 192 414
