980 0 0 101
980 0 0 101
980 0 0 101
980 0 0 101
980 0 0 101
980 0 0 101
980 0 0 101
980 0 0 101
980 0 0 101
980 0 0 101
980 0 0 101
980 0 0 101
980 0 0 101
980 0 0 101
980 0 0 101
980 0 0 101
980 0 0 101
980 0 0 101
980 0 0 101
980 0 0 101
980 0 0 101
980 0 0 101
980 0 0 101
980 0 0 101
980 0 0 101
980 0 0 101
980 0 0 101
980 0 0 101
980 0 0 101
980 0 0 101
980 0 0 101
980 0 0 101
980 0 0 101
980 0 0 101
980 0 0 101
980 0 0 101
980 0 0 101
980 0 0 101
980 0 0 101
980 0 0 101
980 0 0 101
980 0 0 101
980 0 0 101
980 0 0 101
980 0 0 101
980 0 0 101
980 0 0 101
980 0 0 101
980 0 0 101
980 0 0 101
980 0 0 101
980 0 0 101
980 0 0 101
980 0 0 101
980 0 0 101
980 0 0 101
980 0 0 101
980 0 0 101
980 0 0 101
980 0 0 101
980 0 0 101
980 0 0 101
980 0 0 101
980 0 0 101
980 0 0 101
980 0 0 101
980 0 0 101
980 0 0 101
980 0 0 101
980 0 0 101
980 0 0 101
980 0 0 101
980 0 0 101
980 0 0 101
980 0 0 101
980 0 0 101
